96.5605304 23.8269868 10.927
100.7070919 26.6170631 11.299
102.9513203 27.2014794 11.026
100.3880765 21.1840872 12.153
105.1922579 19.9992062 11.737
98.2322398 18.6134336 12.152
105.6142937 20.7826212 12.296
101.1982749 16.4712183 12.787
104.5561727 17.1741827 11.937
103.2304922 26.6414557 12.047
103.4109765 18.9538038 12.652
98.6335484 25.8429329 13.116
97.320603 20.1873337 12.25
101.0164501 18.077155 13.12
103.0614812 24.5031654 12.8
107.5097395 22.1962548 13.827
107.3440943 21.1760411 13.33
97.801758 17.7269816 12.441
97.6277802 23.0007205 13.402
96.1821108 16.1351608 12.704
102.6469922 22.2615962 12.59
102.7282184 27.0101834 12.692
99.1056958 18.5138118 14.184
103.2458253 21.0481985 13.073
96.8676776 21.4890251 14.83
103.8185487 16.8642962 14.342
107.0220399 23.5155758 13.912
105.2944858 15.9739247 14.98
106.5265413 15.7024788 13.559
101.4852431 27.2232651 14.504
97.6090132 19.8819642 14.48
105.5008336 23.0126549 14.732
100.4292607 17.0351565 13.515
99.2108211 24.5344045 14.79
107.7161644 27.1107126 15.348
107.0744098 19.5463161 13.938
106.0300758 18.1988058 15.369
107.074367 26.6264533 14.81
103.4804767 20.3243555 14.814
100.900848 25.8206719 14.421
103.5603167 17.9483711 15.444
100.6684852 21.5745324 15.033
97.1305599 20.5538511 13.789
107.466935 21.4739772 15.598
96.9768574 25.80901 13.675
105.1443398 19.132047 15.107
98.0548966 20.3494197 15.034
104.0364133 22.1934532 16.531
101.7660265 22.1101591 15.191
95.9888608 21.9181203 15.142
101.332861 26.5637909 15.72
102.2215259 15.6870094 15.272
105.0020431 18.3071186 15.193
106.4619435 17.3384291 14.751
98.52185 20.453979 15.772
102.1499833 20.1525163 15.271
103.5166849 19.6000847 15.979
105.8010568 21.2621158 15.96
103.3989907 15.5241877 15.36
100.8676051 15.4219795 14.957
105.6413199 19.0356405 15.487
99.5442575 24.6034326 15.953
99.6938173 16.6587378 14.985
96.1181249 22.4397136 15.009
100.9830137 20.7332021 15.496
98.7948493 15.4693517 15.542
99.4296015 22.2923736 15.498
99.3699597 26.6930328 16.22
100.1924895 21.8738056 15.09
104.9421994 15.5324803 15.624
97.80135 16.7991332 14.421
96.8723857 16.8244049 14.441
96.3133215 23.0614103 15.653
98.8574824 24.10396 15.691
99.1719438 18.5521412 14.497
101.9278634 21.1157839 14.562
96.7913311 20.7238838 14.611
99.1180575 21.48404 14.877
105.5922542 15.9644656 14.598
100.6197345 22.4754134 15.857
95.8981728 19.9238366 16.506
99.5985792 22.8096336 14.776
101.7937225 21.6355595 16.599
96.7195946 23.7503143 16.817
101.1159996 22.5372165 16.801
105.4190003 21.7302042 16.902
99.2730604 21.5105049 16.892
98.9760853 18.9689424 15.039
105.7103323 22.8654577 17.871
96.5010295 24.5921446 15.381
101.2997602 19.0739275 16.035
102.3397095 27.2643535 17.127
96.8271928 19.393451 17.189
104.7203741 16.9072945 16.794
106.7638312 18.1293648 17.348
105.3754971 23.9150068 18.213
104.5037865 26.7271076 17.404
98.1458068 15.4910718 17.623
96.3614292 26.4368483 18.685
100.0648534 22.3661263 16.583
101.82417 22.6627937 17.878
107.5734665 21.8485205 17.309
101.1938907 15.5202147 17.996
104.59179 23.5203892 18.016
106.0779629 24.6000898 17.071
103.9862491 25.6561592 17.13
101.8091012 17.7407206 18.144
98.420694 23.5657911 18.378
102.1701119 15.3576943 12.7
102.2246082 15.3744529 13
95.7545179 17.2517579 12.5
95.9072479 17.0697116 13.2
95.9207232 17.1023558 15.2
95.7573983 17.626809 15.4
95.7622524 17.5538252 14
102.4603546 15.7079062 16.1
95.7644842 18.2926269 14.3
95.7645908 20.4463539 14.1
95.7654263 16.2174869 13.8
95.7694392 25.0127407 12.6
95.7698229 24.2671309 14.2
95.7722052 16.4553433 13.5
95.7740285 23.7658355 15.7
95.7797861 24.6924808 16
95.7824148 19.6407754 13.8
95.7873778 21.4497081 13.5
95.7902415 15.3548753 14.5
95.7903909 25.9575177 13.7
102.6276903 16.6729237 13.7
102.6341164 17.4537758 15
95.7936154 26.0166913 14.3
95.7983037 15.9563359 15.3
102.6791618 17.071492 15.5
95.8018357 19.6756385 14
95.8064136 21.5807351 14.2
95.8073855 20.0087124 12.9
95.809675 20.6435399 14.7
95.8101492 25.6695996 15.3
95.8111033 16.5477198 14.6
102.6808453 19.3191959 14.8
102.6934014 18.1007271 14.8
95.8134116 17.3287431 14.6
95.8147194 27.2624794 15.2
102.699288 16.1876298 13.8
102.7060267 16.407311 14.3
102.7119781 19.5268506 15
95.8168076 17.5877187 15.3
95.8187192 21.4358819 15.5
95.8227077 21.494697 14
95.827196 15.6613779 12.7
102.7780317 16.5680581 15.4
95.8332498 21.0639109 14.7
95.8352996 24.9469659 13.5
102.7935882 18.1995399 15.6
102.7993148 15.7631051 15.1
95.8438662 20.105428 13.6
102.8049118 17.5447288 14.5
95.847288 19.6876724 12.8
95.8519118 15.4614987 14.5
95.8559086 19.8243628 13.1
102.8462989 16.1611833 16.2
95.8579845 23.126598 16.3
95.8589504 21.3672771 13.3
95.8646264 24.6239472 14.8
102.8848109 18.9256269 15
95.8709644 16.1920889 13.8
95.8786178 26.8183284 16.3
95.8792448 23.8964709 15.1
95.8793199 16.3863228 13.7
95.8820294 16.8447869 13.7
95.8829888 16.6471965 14.1
95.8843414 16.494054 13.8
95.8862969 25.7160051 13.5
102.9418751 18.0799361 15.4
95.8903959 25.5937513 14.1
95.893586 21.5005383 13.7
95.8945398 16.5870027 11.3
102.9680629 21.362028 13.4
95.8991162 25.6210242 13.8
95.9005975 25.7437686 14.2
102.9886704 15.9778104 16.1
95.9031479 20.9246319 12.2
95.9059577 16.3821995 14.2
102.9942549 15.3995782 13.7
95.9124408 18.7248764 13.8
95.9128147 24.9157039 12.5
95.9155913 16.6972889 15.6
95.9159308 19.9570047 13.6
103.0094618 16.0019873 15.3
95.9198233 24.8381712 15
95.9208707 20.4230625 13.7
95.9219907 26.6701425 15.5
103.0452241 16.2903233 15.2
95.9256552 22.947674 15.4
95.9279273 19.6074976 13.5
103.0494526 22.060087 15.6
95.9338416 17.4977995 14.2
95.9342567 24.9526314 12.9
95.9343598 24.1215556 13.5
95.9356871 23.5300404 14.3
95.9368926 23.9532575 15.9
95.9374319 20.4030935 13.1
95.9378553 25.3000112 14.7
95.9386879 18.1019155 12.9
95.9387974 20.4136031 15
103.0822131 18.2356194 16.3
95.9441243 15.4820577 13.8
103.0924641 19.277407 14.8
103.092752 22.3720373 16.5
103.1009099 18.3978821 15.1
95.9510538 23.9918914 15.4
95.9537484 19.6342697 14.6
103.1146548 22.7317943 15.5
95.9614906 19.5179404 13.6
103.1377132 18.4833853 15.7
95.9623379 17.4344101 14
95.9634462 16.3876511 14.2
95.9638317 25.6400555 13.1
103.14213 18.3345013 14
95.9664824 23.9387117 14.3
95.9692229 16.1420655 12.5
103.1577641 22.7846138 15.5
95.9736796 19.7696641 14.6
95.9760784 24.5303688 14.9
95.976811 21.279473 13.1
95.9805341 18.800432 12.9
103.1788069 21.6103541 15.6
103.1797332 18.7791512 16.6
103.182263 15.8248694 14.5
103.1835536 19.5998961 15.2
95.983268 20.0221117 14.6
95.9835613 17.5650105 14.9
95.9877132 16.3685778 13.5
95.9919792 18.6589139 15.6
96.0013435 18.5033166 15.2
96.0017625 20.1331729 14.1
103.2272653 17.1907309 14.5
103.2322676 15.5703676 16.4
96.008704 25.1069362 12.9
103.244125 18.5840084 15.2
103.2451066 23.593049 13.8
96.011552 25.6360265 13.3
96.0120652 20.9828815 15.3
103.2529936 15.4756273 15.6
103.2568338 17.3641632 16
103.2610454 23.5619688 16.3
96.0192046 19.9297717 15.8
103.2706162 23.4307037 14.2
103.2853165 15.8202644 16.3
96.0310759 24.5956602 13.7
103.2982147 23.1566118 15.8
96.0365011 20.3254162 16.1
96.0366142 25.3797242 13.6
96.0378808 19.4539539 14.1
96.0389681 19.9260722 14.8
96.0407401 24.5044147 13.7
103.3171073 22.6490682 15.3
96.0432037 25.3605267 12.2
96.057263 20.5200586 14.7
96.0583069 26.2417413 14.8
96.0646101 24.5517703 14.8
103.3726862 16.9164934 13.4
103.3767337 18.3313827 14.6
96.0734128 17.634696 13.2
96.0783208 19.6258637 13.7
96.07856 21.7933179 14.8
96.0786385 26.3807383 13.5
103.4091921 22.5063954 14.2
103.4113846 22.6344874 14.1
96.0850573 18.9351144 16.4
96.0862933 17.8964108 12.4
96.08672 17.2784564 14.2
103.4128031 19.0014476 15
103.4136513 17.9264645 14
96.0891362 18.8372832 13.6
96.0897591 17.1541115 14.5
96.0902921 16.1147058 12.5
103.4261711 18.2417937 16
96.0937495 22.7796148 13.7
103.4460269 22.6145217 16.5
96.1005283 15.3862389 13.7
96.1004974 20.5336768 15
96.1018384 26.559147 12.5
96.1033461 16.1777924 12.1
103.4639498 22.0117855 15.1
103.4646572 16.5337469 16
103.4756085 17.6813596 15
103.4830188 19.6886791 13.9
96.1087552 16.5093825 14.3
96.1188558 16.5875897 14
96.1220341 16.473659 14.2
103.5193064 15.9829157 15
96.1304183 20.3576026 16.4
96.1307826 18.0228925 10.7
96.1316091 25.0341006 11.5
96.1324236 24.9202536 14.3
96.1359309 16.3329866 14.3
96.1404125 17.8446187 15.2
96.145021 16.1898561 12.2
96.1481002 27.2930191 15.9
103.586745 17.4798923 15.9
96.1550329 16.3181059 14.2
96.1729186 19.0020155 14.6
96.1731158 24.9581356 13.8
96.1732093 24.2111756 16
96.1754725 15.8211118 13.5
103.6493392 22.3495627 16.3
96.1803739 17.0276589 15
103.6642043 21.0939195 15.7
96.1902454 22.7809229 15.9
96.1912431 18.5241416 13.1
96.1916142 23.655297 15
103.6933957 17.6209942 14.6
96.1966465 22.4206828 14.3
96.1970033 20.7261764 14.7
103.709202 20.8587796 16.2
96.2008726 17.0986624 11.8
103.7182991 22.1218008 14.9
96.2089136 20.1286404 15.3
96.2101569 19.9279129 15.7
103.7444062 21.351122 15.2
103.7686039 22.3012573 15.2
96.2278928 19.1150674 14.6
103.7892263 15.8834951 14.6
96.2309876 18.9019013 16.9
103.8176039 16.4856097 15.9
103.8200264 16.4899923 14.6
103.8245198 16.0211772 15.6
96.2463654 25.6423891 14.9
103.8309551 22.6573515 16.1
96.2513739 16.3814523 13.7
96.2579459 19.361973 12.8
96.2587941 15.3862713 13.1
96.2591019 18.1776103 14.3
96.2618292 16.2767767 15.6
103.8771126 16.8076209 15
103.8777539 17.3782293 15.9
96.2636878 15.4160993 14.1
96.2643746 17.0358861 14.6
96.2648581 16.9736767 14.5
96.2652251 18.6760964 16.6
103.8847912 19.3322365 16.1
103.8904183 18.6550391 15.5
96.2693681 25.1065895 14.1
96.2698922 20.0040193 13.8
96.2720629 15.405326 13.2
103.8960886 21.1704197 15.4
103.906377 17.3855258 14.8
96.2756772 19.6628605 14.9
96.2762004 20.0439992 13.6
103.9190393 21.8400893 15.1
96.2792858 16.5420967 15
96.2800474 17.298971 15.5
103.9263716 21.3531032 14.5
96.2878673 15.9932385 14.2
103.9613873 18.3255128 13
103.9626809 19.1296464 15
96.3062473 16.7708776 13.5
96.3077571 23.9155924 14.5
96.308879 16.0314603 15.6
96.3096796 21.2724918 14
96.3138368 16.5609481 16.5
104.0167035 22.8938632 14.5
104.0195764 21.2104687 14.3
96.314674 16.089613 14.1
96.3189986 19.4451956 13.1
104.0230478 21.5789404 14.3
96.3233684 21.0800959 16.1
104.0405347 20.7728672 15.8
104.0427448 19.6811504 15.5
104.04988 21.0740736 14.8
104.0510622 18.2231605 12.5
104.0560766 20.9833867 14.5
96.3345226 15.5805521 14.3
96.3362503 16.6994998 13.5
96.3376312 17.1094504 13.8
104.0828513 20.8362712 16.1
96.3390152 17.2098204 15.9
96.3418906 16.2136912 14.5
104.099903 19.884971 14.8
96.3502003 27.0608735 15.3
96.3520224 22.5474634 13.7
104.1235694 19.4734421 15.7
96.3645087 18.6172529 14.3
96.3688235 22.7338235 14.5
104.1741106 17.2485104 15
96.3720235 17.2700465 15.5
104.1904483 17.2847026 16.6
104.2090859 17.6260163 15.9
96.3839202 25.6190002 16.3
96.3866253 22.6228677 15.5
96.3869139 20.1503152 15.7
96.3895429 17.8474346 14.9
96.3929865 16.4150299 13.1
96.3947079 20.0986261 14.2
96.3985479 18.2139712 12.9
96.4051289 19.9581526 15.3
96.4061281 16.3232972 14.1
96.4094775 21.2885685 14.3
96.411817 16.1410794 14.6
104.301005 16.881362 15.6
96.4151896 19.1677445 15.7
96.4153373 15.3919334 13.5
96.4170349 17.8065785 12.9
104.3068034 17.1248117 13.1
96.4186301 17.5362043 13.6
96.4189325 26.3275399 12.4
96.4196854 16.6551119 13.7
96.421852 15.5600016 14.6
104.338255 22.6193019 13.2
96.4266843 21.2606925 13.2
96.4285436 19.9093961 14.9
96.4289782 25.402801 15
104.3417291 17.4520461 15.4
104.347442 19.2346461 15.6
104.3538129 15.7221077 13.4
96.4331156 21.1747305 14.9
96.436092 16.9135627 14
96.4372681 22.0239673 15.7
96.4394579 16.9424166 16.3
96.4440944 17.1551715 13.7
96.455771 25.7937375 15.4
104.4150322 19.1753578 16.3
104.4216293 17.8808009 14.4
96.457521 21.1690438 13.1
96.4673931 22.8865173 15.1
96.4706375 22.5436115 15.1
96.4724748 17.5833137 16.7
96.4725452 20.4041343 13.1
104.4564117 18.9526181 13.8
96.4809885 19.4162285 13.6
104.4973083 15.5404666 15.6
96.4841331 19.6740295 15
96.4865312 18.1313301 15.2
96.4884253 20.9910335 12.8
96.4888365 20.6056418 12.4
96.4929986 16.1541605 15
96.4941003 16.7007927 15
96.4969269 22.0873281 13.1
96.5002042 17.2643959 14.7
96.5025379 16.9444713 12.4
96.504745 16.125941 14.3
104.5808199 21.6591125 15.7
104.6232623 19.5023401 15.5
104.6302538 21.9831196 16.2
104.636559 17.9277527 16.6
96.5406244 21.7081974 13.6
96.5419649 21.9528174 15.7
104.6804852 22.0870075 15.1
104.6881782 18.8676625 16
96.5567491 20.3344687 13.6
96.5577414 18.3845816 13.2
96.5579548 15.8403066 14.2
96.5597474 22.5129002 14.1
104.7586246 21.3024622 15.6
96.5904787 17.310038 14.8
96.593375 20.7362531 14.9
96.6018615 16.7795475 12.9
96.6052366 21.4216403 15.3
104.8529193 22.1129532 14.5
104.8623855 17.0235717 16
96.6113996 19.5032787 13.7
96.6118585 26.5673262 14.4
96.6119234 19.4290272 13.6
104.878078 18.9210153 14.6
104.8843077 19.0570072 15.1
96.6170071 16.355052 15.6
104.8912016 18.7209323 13.9
104.8943608 18.8717287 16.9
104.8986178 19.4320825 15.7
104.9056968 17.6741853 15.2
104.9125754 15.827862 14.5
96.6291083 17.2615342 16.5
96.6328789 17.1551791 12.4
96.6355628 27.239741 15.7
96.6413998 17.0699425 12.5
96.6436752 16.646119 15.2
96.644061 15.3656583 14.3
104.9511401 16.9339928 13.5
104.9537232 20.8624534 15.6
104.9557162 19.0971484 14.8
104.9645289 21.8487508 14.7
96.6490411 19.4495655 13.1
104.9748569 17.4667072 15.1
104.9889021 20.7777896 16.6
96.6605882 16.6756398 13.7
96.6632205 26.5038338 15.6
96.6674338 16.8565743 14.5
105.0355899 21.9240002 15.7
96.6793904 20.8806575 15.2
96.6870488 19.3611872 14.8
96.6885103 15.5134196 15.2
105.0928745 17.0851455 13.3
105.0981681 15.5327326 15.2
96.6975504 20.2925861 13.6
96.7021912 26.7332307 16.4
105.1357714 15.8688902 15.4
96.7044831 22.7414869 12.8
96.7114749 18.8110968 13.7
105.17334 17.4641674 14.2
105.1747012 19.6339187 15.9
105.1750747 17.9986009 14.6
105.1780476 18.8368137 16.4
96.7148008 17.2185789 14.8
96.7149214 22.0433955 12.9
96.7151393 17.1517448 13.8
96.716332 16.0304993 12.7
96.7162378 15.4788489 13.6
105.1968215 21.3744222 12.8
96.7222132 18.899179 15.4
105.1996739 17.1892534 15
96.7289968 16.1687385 15
105.2186933 16.1639975 17
105.2358371 16.0186491 16
96.7403505 20.1421556 14.3
96.741274 21.03341 16.1
105.2665242 15.5094992 15.5
96.7479075 21.3926621 16.3
96.7478544 16.7619564 14.3
105.2846673 18.6574892 15.8
105.305365 21.53819 16.4
96.7635506 20.4673844 14.5
105.3406369 19.9257374 14.4
96.7730825 21.028447 14.1
96.7756887 21.9985934 12.8
96.7770372 17.1212998 15.3
96.7809038 16.9225586 12.1
96.7818192 18.0598708 14.9
96.7846957 20.2225099 16
96.7853079 15.6296207 12.9
96.7880291 21.5609201 15.4
96.7882678 22.4825076 14.5
105.4017611 17.326348 14.8
96.7991698 21.7954067 14.7
105.4093212 17.0384103 15.3
105.4160985 15.6731211 16.4
96.8050928 19.1760658 13.5
105.430262 21.2382953 14.5
96.8091997 16.9591793 13.5
96.8098299 18.2152069 16.8
96.8104484 17.8416182 15.5
96.8150662 16.4119511 13.2
96.815212 17.1778241 13.2
96.8151877 16.103099 16.1
105.4580184 19.8633106 15
105.4592903 17.0334081 15.8
96.8194778 17.5010683 13.7
96.8194825 15.6386162 14.6
105.5089661 17.9961066 15.7
105.510789 20.1247409 14.9
105.5117191 16.3343942 16.1
96.8285036 18.702152 12.2
96.8302428 17.8220219 14.3
96.8308025 19.1411735 13.8
96.8343575 19.3480738 14.7
96.8362444 16.4248571 14.2
96.8389535 16.3704044 14.2
105.5382042 17.1447007 14.4
96.8471371 19.4250821 14.3
105.5487159 19.6457568 15.9
96.849827 19.0042151 14.6
96.8531882 17.5828938 15.2
96.8565425 20.7497385 14.7
96.8590533 21.8142769 13.1
96.8642078 21.7344915 13.1
96.869315 19.2741586 15.4
96.8745897 18.973951 13.5
105.6530692 18.7138534 15.5
96.8798407 20.8952971 12.8
105.6560661 18.650825 14.4
105.6595994 18.9610536 15
96.8826263 18.799825 14.3
96.8839844 21.6729913 13.6
96.8860839 17.1522524 15.4
105.6984407 18.1511118 14.2
96.8957348 16.7840511 11.6
105.7215128 15.98269 15.1
96.9068667 17.9783304 13.1
96.9106769 15.9587448 15
96.9118604 21.6750454 13.9
96.916954 20.8874413 14.9
96.9208991 17.6912068 12.7
96.9236024 18.3834769 14.2
96.9259528 18.3785416 14
96.9273168 20.5269236 16
105.8226724 19.0201231 15.1
96.9320096 20.4409729 13.2
96.9320473 23.759542 15.7
96.9344189 18.9110809 13.5
96.94218 21.7475136 12.9
105.8654732 19.2908346 14.8
96.9457211 15.7411521 12.4
96.9482118 17.6649731 12.5
105.890862 17.002928 14.2
96.9521142 17.3813845 13.2
96.9546355 16.606953 12.7
96.9605966 17.9462 13.5
105.9248948 17.7025444 13.8
105.9351075 21.086215 15.1
105.9412157 16.1710435 14.6
96.9708841 16.8809627 15.2
105.9706862 17.4143236 15.6
96.9746272 19.9877706 15.8
105.9783392 16.0755841 16.5
105.9799729 19.0515127 17.2
96.9782468 16.4857537 15.9
96.9831897 18.0588396 13.8
105.9961513 20.2908085 15.9
96.9867052 16.4932329 16
106.0108762 16.193974 13.8
106.0124419 16.4685377 13.9
106.0201382 16.9989578 16
106.0271772 17.5662077 15.6
96.9923787 21.4216933 16.2
96.9962719 19.7366789 14.5
96.9965935 18.0380794 13.2
106.0817851 20.9407654 15.7
97.0071244 15.4107062 14.8
97.009232 19.4143641 15.4
97.0111644 16.1663647 14.9
97.0116941 21.6338507 12.1
106.0859884 17.1020656 16.3
106.0889227 19.7808215 14.5
106.089848 18.3480262 14.9
97.0213706 15.6544532 11.8
97.0249864 15.5501254 13.6
97.0317898 16.0388643 16.2
97.0353922 15.9261188 14.6
106.1669095 20.5942522 15.3
106.1722909 17.2294862 15.7
106.2020372 19.2463254 13.1
97.0417332 16.8653253 15.3
106.2060444 17.7940838 15.9
106.2170764 17.369779 14.8
97.0481128 17.365475 14.3
97.0496768 25.9381324 16.6
106.2307521 18.6863177 15.3
106.2458515 15.4491284 14.8
106.2460094 20.1012687 15
97.0580242 15.5508096 13.6
106.2946371 20.4403345 15.5
97.074943 18.562884 13.3
106.3137026 18.0264208 15.4
97.0841274 18.5518547 13.7
97.0854865 18.6537931 12.9
97.0859008 15.5809412 14.1
106.3442016 18.9100087 15.3
106.3822066 19.7285658 15
97.1088114 18.1160209 13.3
106.4147458 18.4001385 15.1
97.1107442 18.7496766 13.7
97.1121611 19.7461844 13.6
97.1136817 18.4987176 14.7
97.1189924 17.2799487 15
106.4649204 18.1290998 15.1
97.12794 22.6130804 14.5
97.1323092 22.2414453 16.1
106.4978488 20.5055215 16.1
97.1354617 18.3727621 15.9
97.135603 21.4692662 15.4
97.1394142 15.5397102 15.5
97.1432578 18.9321226 14.9
106.5534433 16.1846097 14.6
97.1651292 19.1019332 15.3
97.1692317 15.8117785 12.7
106.6070971 15.3885805 15.3
97.1734853 18.4104964 14.1
97.1751163 19.4657127 13.3
106.6124284 20.3174507 15.4
106.6327676 20.3119976 16.2
97.179259 21.0013238 15
97.1842754 17.8908682 14.2
97.1909212 16.4258289 14.3
106.702979 20.135772 15.6
106.7033971 19.9609409 15.8
97.1934712 15.485522 14.8
97.1973871 21.0097502 15.3
97.1978258 19.8262529 13.5
106.7064856 19.7920668 15.5
106.7067402 19.7437829 15.6
97.2042298 15.4614996 14.2
97.2086852 21.2391189 16.5
106.7578463 15.9114926 15
97.2123037 16.7784283 11.9
97.2169155 17.3058597 15.8
97.2206202 18.9780873 14.9
97.2245136 16.2772424 13.3
97.2248466 17.3068744 11.8
97.2257324 19.3489582 14.5
97.2333917 16.1441936 14.8
97.2345921 15.4952218 14.8
106.8478906 17.1782412 13.4
97.2400418 22.5290085 14.6
97.2423053 19.878536 14.3
97.2460879 21.0655127 13.7
97.2485615 19.5077441 12.8
97.2496726 15.5857576 13.6
106.8866698 20.1247192 16.1
97.2528629 15.6952143 14.3
106.9099661 16.6572788 16
106.9219966 16.7576664 15.5
97.2591842 17.4991285 13.3
97.2600414 22.3642943 15.1
97.2641966 20.1466971 13.5
97.2696803 25.7527323 15.4
97.2696394 19.8112643 14.1
97.2726521 18.265978 13.1
106.9944646 16.454669 13.1
97.2764181 19.3392243 11.3
107.0060317 18.2088786 16
97.2880989 21.9667906 16.3
97.2907608 18.0992757 11.8
97.2918093 18.0693402 14.3
97.297853 22.6632138 12.4
107.0557539 18.7772453 12.1
107.0785428 18.1576103 16.1
107.096711 16.9995722 14.1
97.3097865 20.5940999 14.8
107.1325086 19.54462 14.5
97.3154473 19.3821999 14.8
107.1640743 18.6434181 16
97.3214853 18.5922315 14.7
97.3220302 17.9077369 14.2
97.3244829 16.037957 14.3
97.3480176 17.6875592 14
107.3293288 16.7263642 15.9
97.357557 22.8483395 16.4
97.3583605 16.7506927 14.3
107.3583546 15.6134609 16.6
97.3654994 15.8388831 15.2
97.3655606 21.195401 14.3
97.365685 17.3261516 15.3
97.3665253 17.9007684 14.8
97.3671933 22.7288944 13.1
107.4184532 16.2876879 14.7
107.4217371 16.9272396 15.6
97.3831609 15.8408155 14.2
97.3838344 17.0423991 15.4
97.3840939 17.9272046 15.2
107.5021963 15.6416489 16
97.3874282 19.5533647 14.6
97.3935586 18.2068311 15.9
97.3995178 18.4929277 16.7
107.5710554 15.5404548 14.7
97.4129536 15.772531 14.3
97.4149175 26.7909223 13.6
107.6772641 16.8507109 13
107.680701 16.1856766 10.9
107.6843502 15.4874774 15.5
97.4311622 19.0750059 12.2
97.4326091 15.7443352 14.1
97.448904 15.9434084 14.9
97.4537164 18.575171 15.7
97.4562823 22.0354812 13.7
97.4628376 23.8998322 14.9
97.4703864 18.0757141 13.8
97.4745611 19.5250005 13.2
97.4775958 21.6703411 16.8
97.4824976 15.7484642 14.1
97.4827381 15.879308 11.8
97.4861365 24.671232 13.1
97.4902744 17.7014497 14.7
97.5010355 26.5042395 12
97.50759 18.9059536 14.8
97.5087048 19.8679282 15
97.5097505 17.1674552 15.2
97.5127945 17.5404252 15
97.5152615 19.6745547 14.3
97.5189119 17.7369363 13.3
97.5196933 19.3133425 13.5
97.5380481 17.9096188 14.5
97.5404901 15.8919036 11.3
97.5493734 15.7469738 16.9
97.5516648 18.236931 14.9
97.5564399 15.6584287 14.1
97.5621227 15.3645076 14.2
97.5640349 17.6835778 16.9
97.565326 19.774006 15.4
97.5707503 18.5886211 14.6
97.5771494 16.947333 14.3
97.5771781 15.5133361 11.8
97.5817808 18.6849005 14.8
97.5889681 16.8433394 13.3
97.5950665 23.0177972 16.2
97.5995461 24.6287315 16.4
97.6094257 17.658583 14
97.6144737 18.1341287 14.8
97.615027 17.9848834 14.1
97.6154327 17.0683057 13.2
97.6174174 16.7620087 11.9
97.6217179 18.4801183 13.8
97.62242 16.9310252 14.5
97.624773 15.6192998 13.7
97.6286796 23.1315259 13.9
97.6299443 20.2866139 16.2
97.6303197 19.9045062 14.5
97.6465817 15.480142 13.7
97.6591205 18.5895069 16.6
97.667526 22.7843772 12.2
97.6689426 22.8112143 15.2
97.6743715 22.5264369 14.3
97.6762137 19.41804 15
97.6835605 22.8095198 14.9
97.6930335 15.5353619 14.6
97.6961557 17.2691967 15
97.7091384 22.6386697 15
97.7265166 17.0345409 14
97.7283842 20.3974362 12.2
97.7313639 19.9845016 14.7
97.7330809 15.4265869 15.4
97.7355543 25.0357641 14
97.7374022 24.7812171 14.4
97.740817 15.9502671 11.5
97.7472271 23.1870423 13.6
97.7581103 20.9183534 15.6
97.7604992 16.2115987 14.9
97.7649313 26.7495797 15.4
97.7665 25.113324 16.8
97.766983 18.1264955 14.3
97.7732731 20.8774089 14.9
97.7768922 17.0818648 14.7
97.7772413 17.7156745 14.8
97.77734 17.7222259 14.5
97.7907622 16.6288702 16.1
97.7932936 22.9070134 12.5
97.7961999 20.5325456 15.9
97.7985575 23.0668721 15.4
97.79955 18.9621324 13.8
97.8010835 26.5682549 12.5
97.8022912 15.7315231 12.4
97.8088557 24.200448 14.9
97.8108024 18.0871512 14.9
97.8109149 15.391381 15
97.8154424 17.1162746 14.6
97.8169053 15.7266011 14
97.8196024 17.9179181 13.6
97.8318821 19.9260032 15.8
97.8322168 17.8777252 14.3
97.8428575 15.4173996 12.5
97.8478674 16.3934483 14
97.8485368 19.1694397 13.7
97.8561328 17.9178678 13.2
97.8622335 19.6611437 13.3
97.8625814 17.9252647 14.6
97.8632161 17.628854 14.5
97.8634861 18.0654782 14.5
97.8695344 15.8868964 14.5
97.8728304 24.639349 14.7
97.8734395 15.5100305 15.5
97.873551 17.7725129 16.6
97.8805825 17.0534581 14.2
97.8838599 17.8205798 12.7
97.8851885 16.9765771 13.2
97.889148 16.4426234 11.6
97.8919542 15.9637709 14
97.8954424 23.6733457 12.8
97.905877 16.9158774 12.9
97.9117351 23.8106678 14.4
97.9131363 17.7285075 14.5
97.9152057 15.4008597 13.8
97.916482 17.6960385 14.7
97.9209814 19.0556022 11.5
97.9324696 21.6736957 15.4
97.933222 17.9823613 14.5
97.9355594 24.6631507 12.5
97.9374911 16.1805732 13.1
97.9416958 20.6576043 15.7
97.950209 20.6191615 16
97.9547719 16.3800278 13.1
97.9557531 17.1641105 12.1
97.9565533 19.8052346 14.5
97.9583693 22.4935393 16
97.964475 17.6675076 14.8
97.9656255 21.387611 14.4
97.9678422 16.8811126 15.5
97.9729104 15.7670932 13.3
97.980589 24.7362509 13.9
97.9847672 20.3359177 12.7
97.9885754 16.8438827 13.7
97.9902173 22.8135224 16.4
98.0051445 15.8224102 15.9
98.0058978 20.1638785 12.8
98.0059303 17.0474016 13.6
98.007822 18.733715 13.7
98.0146921 17.0827269 14.3
98.0148638 17.9711782 16.6
98.0162403 16.5373475 14.7
98.0214738 21.9756044 14.5
98.0231963 15.7633362 12.5
98.0240453 22.899457 13.4
98.0246728 17.2239213 14.1
98.0288758 15.5912062 14.7
98.0431097 17.1834678 14.6
98.0445769 18.8905977 12.5
98.0497671 19.2538683 15
98.0527239 15.9119339 15.4
98.055151 24.2262365 13.4
98.0657581 17.5610466 15.5
98.0775933 17.8453834 13.2
98.0882348 17.0290832 14.7
98.0892179 25.0974703 13.6
98.0979431 16.1799467 12.9
98.1013626 20.7648434 14.9
98.1026963 17.6245366 13.8
98.1093052 15.6553141 14.6
98.1119672 15.4471609 15
98.1170203 17.2746274 16.8
98.1244618 17.4302603 13.3
98.1248294 20.0339189 15.8
98.132621 15.9321486 12.5
98.133167 16.6809918 12.5
98.1394434 19.3017543 11.5
98.1427318 23.0354902 15.1
98.145442 17.3621874 13.1
98.1517568 16.5811151 13.6
98.1559777 17.1730115 15.9
98.1581384 16.2635625 14.5
98.161339 18.8947002 14.8
98.1659767 17.7178906 12.5
98.1702492 16.5673138 13.8
98.1865897 18.3967067 13.5
98.1869195 19.0955734 14.2
98.1944686 16.6756376 12.4
98.1978516 15.5775545 13.6
98.2006159 23.3427254 13.9
98.2032306 18.0300286 14.5
98.2096053 19.2301 12.8
98.2127889 17.043678 14.5
98.2131075 15.951117 12.8
98.2226189 15.5911949 13.8
98.2259746 22.0587906 16.1
98.2285822 17.9307386 15.5
98.2308868 16.0562695 14.6
98.2349496 17.703319 12.7
98.2358694 19.7320308 14.5
98.2401304 17.7769063 12.2
98.2519713 17.3773615 14.2
98.2523825 25.9641652 15.3
98.2547269 15.7054552 11.9
98.2558894 17.5771295 13.5
98.2622747 16.7502181 14.5
98.264374 23.3098914 15.1
98.2646148 16.2361273 15.6
98.2658323 15.4254754 16.1
98.2661075 15.7047372 14.9
98.267067 19.1000553 14.5
98.2695165 19.3915836 15.3
98.2715952 16.2327817 14.1
98.2756785 16.2468511 12.8
98.2821275 17.7030684 12.9
98.2835219 19.6101554 12.8
98.2840482 17.288231 13.1
98.2851292 25.0378636 12.7
98.286923 17.2655155 14.1
98.2870886 23.0068584 14.6
98.2910063 23.2213356 15.8
98.3010128 17.1107456 14.5
98.3039334 16.8261663 16.1
98.3129478 17.073247 14.7
98.3180168 17.5439504 14.6
98.3207374 17.6571608 15.3
98.3210118 16.6416873 14.1
98.3283374 17.7151544 13.2
98.329728 17.3340496 14.5
98.3298568 22.6834138 15.3
98.3330725 15.6671796 15.7
98.3336142 19.8879341 15.3
98.3366281 16.7340374 14.3
98.3377523 17.4492933 13.6
98.3411409 17.5237667 14.6
98.3429754 24.0574669 16.1
98.3442757 15.6622113 15.6
98.3508553 15.7716847 13.7
98.3511224 22.4769443 15
98.3541116 21.3083552 12.8
98.3585158 17.6639252 14
98.3628043 17.343925 12.9
98.3633743 17.0953441 15.2
98.3655661 19.6005975 15.3
98.3670304 16.8953278 13.7
98.3701876 15.4289818 12.9
98.3707161 17.3484462 13.1
98.3837204 17.7936632 16.5
98.3849037 15.8251598 14.6
98.3852925 19.0072643 13.7
98.3875613 19.2208951 13.2
98.4035846 17.798644 14.7
98.4128921 16.5690723 12.9
98.4134641 17.5848972 14.7
98.4152883 17.2020015 13.1
98.4169952 16.5163328 12.9
98.4170937 15.4240674 13.2
98.4300886 24.6205876 14.4
98.4381637 15.4546727 15.2
98.4571348 24.3070637 13.5
98.4575485 19.2883747 14.9
98.4582233 21.6338986 16
98.4650456 16.0414236 14.1
98.4668183 18.5677016 14.5
98.4758147 16.2325206 14.6
98.4762633 19.307789 14.8
98.4764489 17.6036734 12.4
98.4785598 16.6452716 12.8
98.4791312 17.5251199 13.2
98.4799144 15.7774249 14.6
98.483189 19.008957 14.9
98.4872571 19.0308798 14.7
98.4901451 19.224039 15.4
98.494718 16.7472898 14.6
98.497782 19.5682018 13.1
98.5063888 16.8206549 11.8
98.50709 17.895696 15.4
98.5249486 25.9539103 12.4
98.5339207 19.2337768 14.5
98.5375451 18.4895349 14.3
98.537955 15.8916305 13.6
98.5389688 20.386629 13.1
98.5420694 18.2821098 14.9
98.5422962 23.225586 11.8
98.5502042 18.6062812 15.4
98.5513054 17.6947748 15.9
98.5532699 20.961239 15.5
98.5556496 17.9992762 14
98.557366 19.2934197 12.2
98.5573704 18.9558952 12.9
98.5608996 17.670071 14.1
98.5613964 17.415035 14.3
98.5618937 15.7514655 12.8
98.5640002 17.9584461 12.8
98.5681947 17.6900608 14.7
98.5717442 17.566142 15.6
98.5776495 15.8211126 14.1
98.5847371 22.7090433 15.8
98.5873557 18.0914142 13.8
98.5888909 19.6366595 15
98.5898843 22.0956123 11.7
98.5914937 17.7848849 13.6
98.600171 22.532714 14.1
98.6047328 17.5545469 14.9
98.6063588 17.6830156 15.8
98.6125153 17.8119084 16.1
98.6127735 15.8028371 14.7
98.6129562 17.767122 14.7
98.6138016 16.690845 14.5
98.6160891 16.1631003 13.3
98.62378 18.3682027 12.1
98.6247804 17.2172228 15.4
98.6291497 17.2385743 14.8
98.6297731 19.288365 13.2
98.6379524 17.6114918 14.2
98.6451876 19.1542959 13.1
98.6507708 15.6824914 15.9
98.6517024 18.8921374 15.3
98.6567128 18.2517183 14.9
98.656873 17.2088172 14.8
98.6569573 16.8438672 15.4
98.6581593 15.7310208 14.5
98.6768054 17.9802745 13.8
98.6815613 17.182472 13.1
98.6854178 15.5811757 14.9
98.6861027 19.1676836 13.1
98.6882927 19.2515995 14.5
98.6903326 25.1478631 12
98.6909779 19.5588515 14.3
98.6933486 18.263493 13.3
98.6978439 15.9943797 15.4
98.6985427 15.7364126 14.1
98.7013593 17.2237588 13.7
98.701559 17.6458519 14.6
98.7031942 19.6457642 12.5
98.7068679 16.6038809 14.7
98.7089285 25.9453576 15.8
98.714406 20.4282525 15.4
98.7143855 20.4061762 15.6
98.7192465 17.5779196 15.8
98.7198635 26.085359 13.7
98.7242623 17.3354604 14.9
98.7247281 18.2453009 13.6
98.7283396 15.5673462 17
98.7303175 26.9639764 14.3
98.7339517 20.6935479 16.2
98.746832 25.3859068 11.7
98.7476165 17.12922 13.3
98.7493871 16.7098502 12.1
98.749559 20.359258 13.7
98.7498467 18.5532061 15.8
98.7517626 15.7470061 14.3
98.7532883 17.4149484 13.6
98.7544796 22.227345 16
98.7559687 15.9990941 13.3
98.7575602 17.2429585 15.6
98.7587248 19.8596498 12.8
98.7648881 19.2496419 14.7
98.7660047 16.4887655 12.2
98.7661867 27.1865422 15
98.7672753 23.2280064 12.5
98.776036 25.3229153 15.5
98.7775176 17.3143948 14
98.7790392 20.2208882 13.5
98.7811063 16.4195936 15.2
98.7826082 19.9949804 14.9
98.7910109 17.7746699 14.9
98.7914535 15.4740198 14.5
98.7926085 17.586285 15.2
98.7942152 18.0347196 12.7
98.7957164 17.3105798 14.3
98.7979953 16.4828608 14.2
98.7993763 16.1065923 13.5
98.8074748 16.9460087 15.8
98.8119205 18.9367096 15.3
98.813058 19.4067678 14.8
98.816271 26.4905113 14
98.8351981 17.4632691 13.7
98.8360499 22.6680347 14.3
98.8386005 19.4120409 14.8
98.8400044 23.2978339 12.7
98.8400573 20.3963748 11.5
98.8435141 23.5981891 15
98.8435347 19.6946489 15.6
98.8439789 22.531413 15
98.8488215 22.082954 14
98.8489607 15.9477688 13.8
98.8522818 25.9827074 15.4
98.8581286 17.2218594 15.2
98.8598944 16.4027955 13.3
98.8638138 17.1934428 14.5
98.8705936 16.6615587 14.5
98.8738531 15.6857835 12.7
98.8853147 16.6181524 14.5
98.8869389 23.4547713 15.6
98.8869918 19.4339572 14.5
98.8883422 17.174752 14.9
98.8896616 16.3314062 13.7
98.8987169 16.2162291 13.1
98.9055629 15.7637456 14.5
98.9074508 17.1392114 14.2
98.9142027 17.7398626 14.7
98.9192211 16.2649539 14.5
98.920703 15.9728665 14.8
98.920821 16.8226185 13.3
98.9264481 25.4110047 16
98.9310409 19.2187021 14.6
98.9393888 19.4231118 14.3
98.94176 19.4615868 14.3
98.9446968 17.6068328 12.4
98.9463491 19.4444737 13.6
98.9488946 23.4577385 12.9
98.9565356 16.3784052 16
98.9568489 16.712905 14.8
98.9603864 16.6597155 14.2
98.9640882 16.5774981 13.2
98.9656914 25.5064747 16.2
98.9826847 20.175805 12.9
98.9829565 19.4075796 14.8
98.9840384 19.3167265 14.7
98.9870669 18.0893151 13.2
98.9872301 15.7134494 14.2
98.9878191 23.300072 16.4
98.9881956 17.2325641 13.7
98.9884461 23.0539901 12.7
98.9896977 16.9512481 13.8
98.99391 18.2954599 15.3
98.9941995 16.5454669 15
98.9954094 15.9979589 11.8
99.002079 19.6401916 14.3
99.0170406 25.5452382 15.3
99.0190847 16.614361 14.3
99.0259518 17.7108481 14.9
99.0296116 17.6402158 12.1
99.0359946 22.8675435 14.4
99.036881 19.5147562 13.8
99.037471 16.1407123 13.8
99.0537969 15.4859388 14.1
99.0541248 17.5631598 14.7
99.0563412 22.1812448 16
99.0620566 16.9106679 13.8
99.0665864 26.924418 15
99.0688116 16.4973583 13.8
99.0696865 16.7204099 15.3
99.0742403 17.0018001 14
99.0819867 18.140917 14.7
99.0828744 16.5929306 12.2
99.0912452 19.4094857 12.9
99.0926827 19.8819595 14.6
99.0929075 16.440783 14
99.0933332 16.2925652 13.6
99.098695 15.5561346 14
99.1086541 23.92487 14.5
99.1103147 23.4855771 12.7
99.111425 17.6515974 13.5
99.112695 17.5077806 14.8
99.1161668 18.1116132 14.9
99.1178902 19.1787382 15.8
99.1186205 16.3624934 15
99.119889 17.5130731 15
99.1246401 20.6126728 16.3
99.1315661 17.8890108 14.8
99.1379187 26.1412968 13.5
99.1425588 17.7369496 14.3
99.1449956 18.1168931 14.8
99.1474306 18.9876102 15.4
99.1478493 15.367 15.4
99.1730222 20.2145518 12.7
99.1730272 20.506036 15.9
99.177024 16.5862939 13.6
99.1850399 22.5545758 15.3
99.1888595 16.644332 14.3
99.190592 17.5438925 15.2
99.192855 23.0881907 15.3
99.1985377 15.5754775 12.8
99.1993041 24.4633545 15.1
99.2001305 17.2247158 15
99.2037751 16.0584858 13.3
99.2121627 15.5999255 15.4
99.2220778 17.7352298 14.6
99.2265049 18.0901672 13.6
99.2351016 21.9291367 15.3
99.2365903 18.0199629 14.5
99.2421144 24.6090193 12.2
99.2479706 15.7792043 16.2
99.2603681 17.3244321 13.3
99.2717719 25.5412826 11.5
99.2748172 27.1935912 11.9
99.2772754 16.8385212 15.4
99.2778039 19.3982714 15.3
99.2812212 20.1391493 17
99.2830581 20.3801419 12.2
99.2863845 20.6459774 12.4
99.2873955 15.8657787 15.9
99.2967635 17.823758 13.6
99.3068751 17.5803169 16
99.3125392 19.8416561 12.5
99.313599 19.2577161 16.2
99.314436 22.5809332 13.4
99.3244186 16.247926 17.3
99.334 17.9397404 14.7
99.337238 18.4837769 12.9
99.3415971 20.2514044 15.6
99.351497 17.8759109 14.6
99.3522574 17.3962815 14.9
99.3530153 17.710133 14
99.3586095 23.9007262 15
99.3637913 26.6799326 16.2
99.3655832 23.1950657 15.5
99.3714698 23.3894145 14.5
99.3722212 19.9593952 15.9
99.3749128 22.5124727 15
99.3832456 25.4288541 15.7
99.3839277 17.9664341 14.2
99.3918811 18.5156843 15.2
99.3944232 18.0788884 14.6
99.4090391 17.8849307 14.8
99.4165228 17.4359072 14.1
99.4312638 15.4186754 14.8
99.4351325 16.2163168 15.4
99.4387222 18.1582558 13.5
99.4419514 15.5207567 12.1
99.4428504 25.5063022 15.2
99.446236 19.9065372 13.6
99.4518505 16.2075285 16
99.4660542 18.9810461 14.2
99.4721561 19.6843636 16.3
99.4762271 19.3493951 13.6
99.4807208 17.7630527 13.2
99.487428 23.3215343 15.3
99.4884227 18.3624152 16.7
99.4896835 16.7242808 14.1
99.4912946 15.8534226 14.8
99.4946041 17.4457422 13.8
99.5022226 24.3411575 13.7
99.5043969 27.1216878 16.3
99.5049379 16.9599569 14.2
99.5100287 21.0297242 15.6
99.5111612 18.453961 15.6
99.5124851 17.96542 15.3
99.5136303 15.6341035 14.9
99.5144505 16.9723415 12.5
99.5193602 17.291438 15.4
99.5215007 20.641 12.2
99.5241025 23.8510422 13.6
99.5248584 19.8499097 12.8
99.5279301 20.2964209 16.4
99.5314094 18.1624789 13.7
99.5315779 17.2176795 16
99.5403859 20.5705113 15.2
99.5427867 18.4374257 12.7
99.5438113 16.7401886 15.6
99.5531335 22.5332376 12.2
99.5555062 18.4096653 14.2
99.5566446 20.9566969 14.5
99.5576517 19.6335805 12.9
99.5685749 17.5114019 14
99.5722077 23.3608603 14.6
99.5757614 24.7935048 15.7
99.5764775 20.0636667 13.6
99.5830371 19.5807291 14.3
99.5848636 25.2071879 14.4
99.5882841 15.6213928 12.2
99.5941295 17.0167024 15.6
99.5950426 23.4449968 16.9
99.5966207 18.2939718 14.9
99.6000542 16.5273176 15.4
99.6017976 19.2727086 15.5
99.6109532 25.9147757 15.2
99.614629 18.4714981 16.7
99.6231788 17.4737102 14.8
99.6234717 17.5673716 14.5
99.6451216 20.2984126 15.9
99.6478278 25.3860284 14.9
99.6706451 16.6755263 12.7
99.6782815 18.071069 14
99.6790762 15.5810718 14.9
99.6794589 26.4869552 13.9
99.6906803 17.1670781 16.6
99.7214842 18.2042579 13.3
99.723946 17.9612974 15
99.727403 16.1066778 16
99.7395385 20.4886601 15.6
99.7401373 17.9169033 13.5
99.7426252 15.4386449 15.6
99.7440405 18.3836175 14.9
99.7471226 18.3243348 16.4
99.7504656 18.6114409 14.5
99.7605278 26.6489184 14.9
99.7665526 17.6906205 15
99.7678026 17.6206978 13.8
99.7780623 17.411162 11.9
99.7842193 15.5637263 12.8
99.7846462 17.9572073 15.2
99.8024062 17.6343471 14.3
99.8055681 18.674272 14.1
99.8059432 18.1719318 13.6
99.8148099 17.1659515 13.7
99.8158724 18.8311808 14.6
99.8216801 20.7893848 13.5
99.8331137 17.2399585 14.9
99.8348401 18.3883616 13.7
99.8452958 22.2439889 15.1
99.8469873 17.449104 14.7
99.8476476 17.8038935 12.8
99.8623828 18.4434222 14.6
99.8652447 17.1837208 13.3
99.8683491 17.1023955 13.3
99.8703107 22.107513 14.4
99.8708765 24.8261355 15.6
99.875113 16.8788958 13.7
99.8759674 18.7869757 12.7
99.881097 17.1683351 14.2
99.8884532 17.6859897 13.3
99.8931889 26.5352032 14.7
99.8936438 15.4777799 15.2
99.8984923 18.6831536 13.8
99.9077441 16.4900449 14.5
99.912372 25.1821458 14.5
99.9220585 18.3088987 13.8
99.92359 18.2295538 12.9
99.9295914 15.9177093 13.6
99.9403384 27.0985769 14.7
99.9462811 17.7775202 14.1
99.9481389 20.0521795 16.2
99.9580774 26.5439011 15.3
99.9587452 17.6767753 14.9
99.9593092 25.1777298 13.7
99.9721017 22.7650308 15.6
99.9734134 22.5469702 13.6
99.97573 19.1909659 15.8
99.9853198 18.3453154 14.9
99.9939623 17.4146972 12.8
100.0170231 17.5587035 12.7
100.0197988 23.0506302 15.4
100.0329427 21.3876625 14.1
100.0394209 16.1327499 10.8
100.0469316 22.8644606 14.6
100.0479826 23.1810955 14.6
100.0544034 19.1354078 15.3
100.0569758 20.3519516 16.2
100.0596192 23.713399 13.7
100.0642161 26.2282555 16.5
100.0727159 23.5854802 16.1
100.0744506 18.0813023 13.3
100.0799105 27.0154619 15.7
100.0820981 16.1401548 14.1
100.0846926 19.4436716 13.5
100.102268 22.5479026 14.9
100.1025719 23.6073626 14.7
100.1152696 18.2947599 14.8
100.1267274 16.4955133 14.9
100.1271176 15.997915 15.6
100.1274913 25.2543829 15.1
100.1315918 25.8404813 14.3
100.1334651 25.4448216 14.3
100.1372356 17.1040376 14.7
100.1475569 17.6903089 10.3
100.1585997 19.4728059 16.1
100.1705227 16.3429896 12.9
100.1735094 25.1352585 14.4
100.1782727 15.8919432 14.6
100.1815038 22.2018157 14.5
100.1824279 16.3229081 14.9
100.1840536 16.0323122 14.1
100.1861333 22.118625 16.7
100.1956089 19.353337 15
100.2148613 17.5465617 15.4
100.2229775 21.7719574 15.4
100.2228078 17.2667255 14.9
100.2344762 22.7503082 13.4
100.2577389 19.0974296 15.4
100.2607113 17.5687903 16.7
100.2618013 22.969742 14.9
100.2640373 16.100198 14.7
100.2682594 20.3083279 15.9
100.2811063 16.4203131 14.3
100.2933897 17.8157951 14
100.2952946 27.0941721 14.6
100.3101482 17.5460861 15.7
100.3408046 18.5767824 12.2
100.3413271 16.133345 14.1
100.3590431 25.2678069 15.7
100.3647082 17.3490672 16.2
100.3760797 19.3742815 13.3
100.378016 22.9592587 15.8
100.3841732 19.2021025 14.8
100.4027607 16.6058419 14.1
100.4114221 22.7722994 14.4
100.4229039 21.9593003 13.4
100.4287784 15.5594426 14.8
100.4401483 17.9473198 15.7
100.4616069 23.3863481 14.9
100.4637009 16.9711336 15.6
100.4772538 22.9661354 14.9
100.4847202 25.0234543 15.7
100.5079888 20.2205952 13.6
100.5228029 22.2222389 15
100.5267632 18.0917304 12.2
100.5436997 22.9621031 14.5
100.5620196 27.2567701 15.4
100.5643374 17.2630354 16.7
100.5836094 23.5348017 15.6
100.5897439 18.0659131 15.7
100.5906685 25.8560522 15.8
100.5996155 16.4093185 15.7
100.6021268 16.3436008 15.7
100.6190911 22.4934571 13.4
100.6196544 26.6846959 16.4
100.635078 20.96626 15.8
100.6434065 17.2792149 13.2
100.6506125 15.6178333 16.6
100.6511937 26.4875167 14.7
100.6585602 16.8342348 14.3
100.659253 18.1949324 15
100.6611423 15.8340367 14.8
100.662326 19.2006092 15.9
100.664053 24.3813105 16.7
100.6731442 15.5108094 15.5
100.6812753 19.2350843 13.3
100.6814843 22.7644905 14
100.6889137 19.7017602 15.6
100.6902421 25.8314002 15.6
100.71208 19.9327944 14
100.7315369 22.8858226 14.9
100.7418667 25.5947078 14.5
100.7421251 17.5642653 14.9
100.7485768 25.2551096 16.2
100.7488736 18.0271206 15.8
100.7554947 17.3036382 13.5
100.7593666 25.8569865 13.7
100.761702 19.9867715 15.8
100.7932778 17.0445593 13.7
100.7973231 18.3083874 16.8
100.7982437 15.720438 16.6
100.8038409 22.2204689 13.9
100.8075044 20.4531183 15.8
100.821112 20.8312599 14.5
100.8343259 20.4923402 15.7
100.8362094 17.2981715 14.9
100.8581716 20.4320638 16.8
100.8708117 23.4160329 15.8
100.8821272 22.8335657 15
100.9109614 23.2316629 15
100.9212638 24.3825461 15.6
100.9575488 26.7674149 15.7
100.959743 24.8903936 13.5
100.9656231 24.1530786 15.4
100.9663819 19.7735292 13.4
100.9812383 23.0318939 13.5
100.9861933 17.6523802 14.5
100.9867777 23.1359215 12.9
100.9882801 23.0596182 15.6
100.9898318 17.0924079 15.8
100.9960444 19.3724065 14.4
101.0065408 25.5724958 15.8
101.0270343 17.2885089 14
101.0330429 21.0345735 15.8
101.0687569 26.4189576 14.9
101.0724298 21.5482666 15
101.0725869 25.4316287 16.5
101.073977 18.2457343 13.7
101.0745494 15.8168597 14.6
101.1093076 19.2604217 15.1
101.1153918 18.8536282 15
101.1163885 17.9407718 14.5
101.1257178 23.9455417 14.9
101.1314885 15.7335472 11.7
101.1484223 19.862998 14
101.1629551 18.7792111 14.9
101.1746965 20.6278915 15.7
101.1794237 22.754462 13.7
101.18977 24.1327156 15.8
101.1911265 27.1712771 14.6
101.2123942 15.4323197 15.5
101.2328886 18.7017921 14.4
101.2526079 20.3740505 15.3
101.2548627 18.4977195 16.1
101.26703 15.407977 14.9
101.2673417 27.0999112 15.1
101.2680167 16.280912 14.6
101.27975 24.3706194 14.5
101.2869591 24.4323121 16.4
101.2936664 21.998113 15.5
101.3107891 23.0485916 16
101.3113107 23.3991471 12
101.3310707 25.006015 14.7
101.3447976 20.1767098 14.3
101.3724408 24.3263594 16.2
101.3791049 25.5940776 15.3
101.3956825 26.9746569 13.2
101.4425815 27.3018771 15
101.4492976 27.2640271 16.4
101.4546899 22.5572015 13.9
101.459275 25.2672226 13.5
101.4594708 25.6929823 15.7
101.4769547 17.4581047 15
101.4780571 26.3268844 15.6
101.4817166 26.1760612 14.4
101.4952808 25.2527101 15.3
101.5012624 15.8828922 15.4
101.5116336 24.593317 15.4
101.5243052 19.2145726 15.7
101.5248123 17.5088937 14.5
101.5402794 26.4103579 13.5
101.5464492 22.1262564 14.6
101.5495868 24.7753039 14.4
101.5500912 22.6834922 17.2
101.5570866 20.1872885 14.4
101.5590443 20.6136342 15.4
101.5638025 21.0979182 15.7
101.5653287 25.8587959 17.1
101.585063 22.0353197 15.3
101.5905706 16.6759849 16
101.5986217 26.5420301 16
101.6029925 23.9328695 16.2
101.6181121 15.7107337 16.7
101.6242715 19.8706291 15.8
101.6329469 20.8469632 16.8
101.6462185 17.2438642 16
101.6600683 22.9227626 12.5
101.6674053 16.4553726 16.5
101.6703674 21.6471461 15.1
101.6762854 16.9482442 15
101.7047113 26.8315779 15.7
101.7194629 25.7727656 15.5
101.7348849 23.0259091 16.7
101.7405692 19.2429523 15.9
101.7574847 22.0778443 13.7
101.7691801 15.6460652 16
101.7848821 24.3205894 16.8
101.7959499 20.2846116 16.5
101.8010101 26.3522572 15.3
101.8206767 18.4023616 17
101.8210361 22.8033183 12.8
101.8508139 22.0179904 16.3
101.872196 19.0771493 15.8
101.8877214 22.2460706 16.2
101.8938292 19.6298461 15.4
101.9041561 17.9306496 12.9
101.9135726 27.3142973 17.2
101.9221037 25.1334338 16.4
101.9294157 18.3320645 16.1
101.948607 17.0141364 16
101.9708426 26.0701066 14.5
101.9909903 24.654468 15.1
101.9953399 25.7670467 16.1
101.9997576 27.2993932 15.7
102.0066167 21.806527 16.2
102.0113139 23.0405098 12.9
102.0323695 27.2184683 16
102.0631211 18.663274 15.3
102.0741937 23.6108582 14.6
102.0742365 16.5346052 16.3
102.0749496 24.1502317 16.6
102.0767147 20.0581416 12.3
102.0829819 18.7774012 15.5
102.0936397 22.0643863 16
102.125385 19.5183406 16.2
102.1254334 26.730037 14.8
102.1272115 20.4850463 15.8
102.129836 20.7921545 13.8
102.1300674 17.8497764 15.6
102.1308418 22.0376649 15.6
102.1438321 22.9078415 15.8
102.1683868 25.7039741 15.5
102.1773686 22.9190004 14.6
102.1994133 19.2579008 14.9
102.2061759 17.1930957 15.2
102.2168752 17.9297148 12.3
102.2168847 25.0203735 13.2
102.2224613 18.2636032 13.7
102.2400908 19.7500908 14.4
102.2472917 21.4641672 16.3
102.2508894 25.7869974 15.5
102.2569778 21.2538953 15.5
102.2682924 19.1476161 15.9
102.2941115 24.7652762 14
102.3022375 24.0406676 15.7
102.3242347 26.962584 14.3
102.3500213 19.0734344 15.7
102.3538339 22.7372932 15.3
102.3676291 25.1730196 16.7
102.4215941 23.5774321 14.5
102.4244424 27.1780605 15.5
102.4348728 24.6369288 15.8
102.4757166 26.8317541 16.4
102.4811096 22.393871 15.2
102.4972222 23.0247438 14.9
102.5014479 23.9724386 14.7
102.505161 20.466853 15.9
102.5074257 21.7099236 15.3
102.5508218 25.9300122 15.6
102.5781307 26.7618983 14.3
102.59062 26.9201722 15.1
102.60242 26.6160523 15.7
102.6051482 21.3000493 13.7
102.6145129 19.9430369 12.9
102.6304976 24.9721742 16.2
102.6343516 23.3537899 15
102.6444795 19.8715368 16
102.6880622 23.8445342 14.9
102.7378293 25.2367362 15.1
102.7558435 25.8439186 14.7
102.7624307 25.4794794 13.8
102.7730266 27.3434798 10.8
102.7948281 22.0770051 16.1
102.8250628 23.5594508 16.1
102.8279166 25.6676606 15
102.8311125 25.2288377 14.8
102.83523 21.3553314 16.4
102.8816272 24.015414 15
102.887085 23.6110925 14.7
102.9000552 25.5249787 15
102.957311 22.7514828 14.2
103.0199055 24.2959764 16.5
103.0321365 22.7550742 15.7
103.0559319 23.5628968 11.8
103.0678228 22.9258486 14.1
103.1042704 25.0636529 14.1
103.1077545 27.2867482 14.9
103.1302235 24.2012208 15.6
103.242928 23.9580594 15.2
103.2446784 25.5557919 14.3
103.2651927 24.763488 15.6
103.2685296 26.7964088 14.7
103.3031759 26.1093405 15.9
103.3879967 25.7396828 13.2
103.4073085 25.0760422 14.9
103.4112882 24.6568496 15
103.4123078 25.543891 14.8
103.41372 23.740695 13.2
103.5149867 25.4769962 15.9
103.5231608 25.7863425 15.2
103.5660237 26.4917454 13.9
103.5773428 27.0195539 15.5
103.6269139 23.649639 15.9
103.6343316 26.6328869 17
103.6633542 27.1806543 15.4
103.7063265 24.4157812 13.7
103.7126449 24.1546316 15.1
103.7247105 26.1395107 15.7
103.7801153 24.6237591 12.8
103.7838361 26.1546467 15.6
103.8206502 26.5749668 16.1
103.9215322 23.9613487 15.3
103.9571066 24.5586104 15.5
103.9608086 26.0954577 16.2
103.9663337 23.8951419 14.7
103.980415 27.0449962 17.5
104.0297406 23.6578467 14.5
104.0452244 23.2668322 14.8
104.0481732 24.3859363 15.8
104.0488778 24.2858948 15.8
104.0558261 26.602835 14.3
104.117406 23.3599403 16.8
104.2080453 26.2037873 15.7
104.2091461 26.6568746 14.2
104.2137284 26.6116834 15.9
104.223176 26.1470872 15
104.2665147 25.9478342 16.3
104.2793358 23.9026056 13.9
104.308513 23.2994599 16.6
104.3285237 25.6183171 15.4
104.3742825 22.8736423 15.6
104.3847269 23.9617485 15
104.3943768 23.4971725 16.1
104.4108356 25.745171 14.9
104.433225 26.1515995 16.7
104.4387337 26.3759442 14.7
104.4529677 24.9440184 15.6
104.4778775 26.1815304 15.8
104.5110769 23.8748683 14.7
104.521632 24.4615504 14.1
104.5744761 25.3834734 14.3
104.635915 25.7238647 14.1
104.7606956 22.6000247 15.4
104.7615849 23.588397 16.1
104.8191805 27.0793063 16.6
104.827405 25.2454593 16.1
104.8410409 25.7240039 15.9
104.8518578 22.8957726 15.5
104.9180254 23.9474952 14.8
104.9636909 25.110766 15.9
104.9677947 26.0418968 13.1
104.9742003 26.3788969 13.8
104.9934026 26.5021786 15
104.9972825 25.6610384 14.1
105.0087253 25.9595264 13.9
105.0241296 26.0179489 16.7
105.0301991 23.4574645 14.4
105.0369898 23.5712392 13.9
105.0721573 24.7206494 14.9
105.0960121 23.3017505 14.9
105.1390426 25.7273202 15.1
105.1395783 27.1090202 15.7
105.1396876 23.2142103 13.3
105.147962 26.2691635 15.8
105.1704613 23.2028583 13.9
105.1929397 22.4511586 14.4
105.23259 23.1167828 15.8
105.2571454 24.9173784 15.3
105.2671076 25.4978113 15.5
105.2716928 22.3843076 15.5
105.3085069 24.102194 14.4
105.3272181 25.0413503 13.9
105.3511891 25.2183286 13.7
105.3610674 23.8011171 14.4
105.3712247 25.5924638 14.7
105.3995617 24.4797563 14.9
105.4026124 21.7881766 15.9
105.4583119 24.7281625 15.3
105.4849444 23.8700403 14.4
105.4945413 25.0804439 15.1
105.5128265 24.3821156 15.4
105.5174216 25.916374 16.3
105.5188133 26.2841015 14.9
105.534103 25.5678318 13.8
105.5530472 23.1632709 16
105.5574377 27.0710291 15.8
105.6285126 26.6897284 15.1
105.6357756 25.2749802 14.5
105.6459243 25.3988129 15
105.701922 24.912634 14.3
105.7053266 23.2519099 14.1
105.7057126 26.8065677 15.6
105.7088735 26.280934 13.9
105.7146133 26.8219506 16.6
105.7282059 25.8457238 13.4
105.7387681 26.3482015 14.2
105.7754553 26.3161094 13.6
105.783317 21.800942 16.1
105.8170193 23.3791283 16.3
105.8179005 24.7259979 16.3
105.8254646 24.3350358 14.4
105.8269646 24.848818 14.5
105.8964454 24.1657472 16.5
105.9063843 24.1803266 16.4
105.908421 24.9444673 16.1
105.9170169 25.0988582 15.8
105.9235275 24.3610486 15.6
105.9350706 26.474871 15.3
105.9400676 26.6400825 16.7
105.9498861 26.6965545 12.6
105.9600132 24.1927528 14.3
105.9613354 23.5768317 15.7
105.9697118 26.8668102 14.5
105.9990911 21.9408609 15.9
106.0052279 22.1933182 16.2
106.0237049 27.2189604 15.4
106.0471655 24.6042836 15.9
106.0534444 22.568975 15.2
106.0586184 23.5694196 16.2
106.0802335 25.9444757 14.5
106.0837819 23.6496063 15
106.1002941 24.0385398 16.9
106.1050816 21.9836283 13.7
106.1416678 23.7727451 16.8
106.148401 27.243286 16.1
106.1674277 25.6180649 15.1
106.1748157 26.6159293 12.8
106.2243846 25.0183876 14.8
106.2291225 26.3168591 14.4
106.2347268 22.7512706 14.4
106.2360329 26.9349383 14.8
106.2839943 26.6526974 15.9
106.3546993 24.5862488 14.8
106.3608231 27.2266975 15.6
106.3734687 27.328245 15.9
106.3742511 26.0640944 16.1
106.3858067 23.2082659 14.8
106.4082253 23.952562 12.1
106.4446289 21.5662224 13.8
106.4495895 26.6533175 15
106.4539607 27.3250923 13.1
106.4978568 23.3552137 15.3
106.5097235 22.2801904 14.5
106.510066 22.8799984 15.1
106.525407 24.9594734 13.4
106.5547675 21.9947293 14.7
106.5591161 24.6200243 14.2
106.5942311 25.9410912 12.8
106.6387311 25.8728179 15.9
106.6630518 22.0561418 15.7
106.689543 23.8941384 15.3
106.7025448 25.6765617 13.3
106.703592 26.6856647 12.2
106.7209348 25.2733153 16
106.7259975 22.0228392 15
106.7297796 23.229003 15.9
106.749082 27.2815579 16.1
106.7528747 26.0479432 14.9
106.7672764 26.6728099 14.5
106.7676646 21.7198589 15.3
106.7908629 26.129577 13.3
106.8103092 22.2035419 16.5
106.8170128 21.8717833 12.9
106.8991995 25.6814776 14.1
106.929694 24.9458437 16
106.9307017 24.0653334 15.6
106.9307741 26.2551062 16.6
106.9318025 23.2059258 15.3
106.9394028 22.5642397 14.7
106.9454307 21.413134 14.3
106.9654061 24.2180938 16
106.9699565 23.1825325 14.1
106.9704185 25.0923831 15.3
106.974306 23.8522046 17
106.9868808 21.1881223 15.1
106.9875171 24.8333117 16.3
106.9890444 27.2295666 15.2
106.9983333 26.1098716 16.3
107.0014418 21.9397817 13.7
107.0038715 21.0740196 13.9
107.0222489 25.4271346 15.3
107.0233009 23.5228636 16.3
107.024675 25.4905973 14.1
107.0326923 20.6388987 15.4
107.0345723 22.477319 16.3
107.0548713 22.503473 15.3
107.0850913 26.8511932 17
107.0984112 23.9618026 16.8
107.1048108 24.6352207 15.6
107.1073011 26.4679452 14.7
107.1173732 25.3826324 13.6
107.1201076 22.8766637 15.8
107.1273173 20.4092252 13.8
107.1414845 23.1359795 15
107.1512334 26.096842 16.4
107.1590042 24.723395 15.1
107.1694931 20.1761412 15.9
107.1917321 27.3193315 12.6
107.2089726 21.7895806 15.1
107.2751042 20.1682463 16.9
107.2795803 23.2605219 15.3
107.3116646 26.4244835 13.8
107.3228091 22.0422559 16.4
107.3580845 23.1663643 14.9
107.3607862 22.3130855 16.6
107.378248 25.0138962 13.9
107.4165732 25.1364195 14.2
107.4446911 26.1966379 16.3
107.4636907 21.8600346 14.5
107.4673875 26.736254 15.3
107.4760829 27.2043244 16.3
107.5060685 26.8713491 15.5
107.5139424 22.338446 15.5
107.5138843 24.3340068 13.4
107.5452796 22.1607971 13.2
107.5494495 20.3480098 15.9
107.5534516 24.0630665 15.1
107.5556348 20.7254206 15.8
107.556404 26.8529468 13.6
107.567205 19.9247055 15.4
107.5710134 26.6413173 14.7
107.6078177 25.7452979 15.4
107.6220316 20.2489844 15.4
107.6305663 26.3019859 15
107.6945831 23.1481004 15.8
107.7156618 24.4140229 15.3
107.739626 23.3719254 15
